10
8
2 2 2 2 2 
2 2 2 2 2 
2 2 2 2 2 
0 0 0 1 0 
1 2 1 1 1 
0 0 2 0 0 
2 2 2 2 2 
2 2 2 2 2 
10
1 2 0 1 2 
2 1 0 0 2 
1 2 1 0 1 
1 0 1 2 2 
1 2 0 0 2 
0 2 2 0 1 
2 1 0 2 1 
0 1 2 1 0 
2 2 0 1 0 
0 0 1 2 0 
9
0 0 1 1 0 
2 0 0 0 2 
0 2 2 0 0 
1 2 0 2 0 
0 2 1 2 0 
1 0 2 0 1 
0 1 2 2 2 
0 2 0 1 2 
0 1 1 0 2 
8
1 0 2 1 0 
0 1 2 0 1 
0 0 0 2 2 
1 1 2 0 1 
2 2 1 1 1 
2 1 0 0 1 
0 2 2 2 1 
1 2 2 0 0 
12
2 0 2 1 1 
0 2 1 0 0 
0 1 2 0 2 
2 2 0 0 0 
0 0 0 0 1 
1 1 1 2 1 
0 1 0 2 0 
1 2 0 2 1 
1 0 2 1 1 
2 1 0 1 2 
1 1 2 2 0 
2 1 1 1 0 
8
2 0 0 2 1 
2 0 2 2 1 
1 0 1 0 2 
1 1 0 2 1 
1 1 2 1 1 
2 2 0 1 0 
0 0 0 1 0 
2 0 0 2 1 
12
1 1 1 2 0 
2 1 1 2 0 
2 0 0 1 2 
2 0 2 0 1 
2 2 2 1 0 
2 0 1 1 1 
0 0 0 1 0 
1 0 1 0 2 
1 0 0 1 2 
0 1 2 2 0 
1 0 2 1 2 
2 0 2 0 0 
8
1 1 1 0 1 
0 1 2 1 2 
2 1 2 1 0 
1 0 1 0 0 
2 1 0 0 2 
2 2 1 0 2 
0 2 0 2 2 
1 2 0 1 0 
8
0 0 0 2 0 
1 0 1 2 0 
2 2 0 0 1 
0 2 0 1 1 
1 0 1 1 0 
0 0 1 2 2 
2 2 2 0 2 
0 1 2 0 1 
12
2 1 0 2 2 
1 2 1 0 1 
2 1 1 0 1 
1 1 1 1 1 
0 2 0 0 1 
1 2 1 1 1 
1 0 0 0 1 
0 2 1 1 0 
2 1 1 1 1 
1 0 0 2 2 
2 0 1 0 1 
0 2 1 1 0 
